100 4950 0 1
0 1 41
0 2 192
0 3 110
0 4 195
0 5 139
0 6 144
0 7 97
0 8 95
0 9 196
0 10 103
0 11 94
0 12 133
0 13 149
0 14 145
0 15 200
0 16 69
0 17 35
0 18 47
0 19 91
0 20 193
0 21 89
0 22 87
0 23 123
0 24 187
0 25 67
0 26 24
0 27 181
0 28 20
0 29 163
0 30 65
0 31 55
0 32 70
0 33 145
0 34 196
0 35 174
0 36 181
0 37 107
0 38 149
0 39 179
0 40 183
0 41 141
0 42 154
0 43 29
0 44 20
0 45 196
0 46 78
0 47 39
0 48 27
0 49 36
0 50 46
0 51 173
0 52 163
0 53 186
0 54 187
0 55 159
0 56 187
0 57 20
0 58 69
0 59 175
0 60 55
0 61 134
0 62 77
0 63 102
0 64 40
0 65 59
0 66 116
0 67 182
0 68 30
0 69 22
0 70 29
0 71 182
0 72 32
0 73 132
0 74 106
0 75 83
0 76 51
0 77 200
0 78 145
0 79 200
0 80 91
0 81 160
0 82 111
0 83 55
0 84 186
0 85 173
0 86 178
0 87 130
0 88 69
0 89 29
0 90 51
0 91 102
0 92 89
0 93 64
0 94 39
0 95 82
0 96 22
0 97 114
0 98 194
0 99 147
1 2 82
1 3 114
1 4 117
1 5 89
1 6 52
1 7 98
1 8 169
1 9 43
1 10 188
1 11 149
1 12 86
1 13 57
1 14 85
1 15 20
1 16 164
1 17 114
1 18 127
1 19 27
1 20 59
1 21 122
1 22 188
1 23 173
1 24 54
1 25 108
1 26 86
1 27 128
1 28 135
1 29 86
1 30 85
1 31 50
1 32 185
1 33 54
1 34 103
1 35 177
1 36 70
1 37 129
1 38 200
1 39 172
1 40 148
1 41 30
1 42 173
1 43 174
1 44 173
1 45 129
1 46 106
1 47 69
1 48 111
1 49 185
1 50 167
1 51 108
1 52 186
1 53 90
1 54 164
1 55 112
1 56 198
1 57 177
1 58 125
1 59 192
1 60 63
1 61 54
1 62 89
1 63 46
1 64 48
1 65 112
1 66 125
1 67 42
1 68 144
1 69 75
1 70 172
1 71 94
1 72 119
1 73 146
1 74 85
1 75 104
1 76 147
1 77 121
1 78 127
1 79 133
1 80 192
1 81 82
1 82 140
1 83 69
1 84 192
1 85 122
1 86 162
1 87 165
1 88 106
1 89 28
1 90 61
1 91 150
1 92 176
1 93 162
1 94 144
1 95 65
1 96 139
1 97 77
1 98 199
1 99 105
2 3 131
2 4 154
2 5 30
2 6 199
2 7 156
2 8 196
2 9 151
2 10 195
2 11 33
2 12 41
2 13 151
2 14 97
2 15 138
2 16 74
2 17 188
2 18 68
2 19 66
2 20 46
2 21 71
2 22 141
2 23 125
2 24 20
2 25 53
2 26 33
2 27 101
2 28 114
2 29 168
2 30 178
2 31 26
2 32 137
2 33 78
2 34 150
2 35 33
2 36 108
2 37 56
2 38 187
2 39 126
2 40 28
2 41 77
2 42 43
2 43 72
2 44 129
2 45 162
2 46 69
2 47 132
2 48 56
2 49 161
2 50 48
2 51 21
2 52 49
2 53 198
2 54 58
2 55 86
2 56 78
2 57 200
2 58 81
2 59 55
2 60 109
2 61 135
2 62 31
2 63 62
2 64 194
2 65 32
2 66 85
2 67 117
2 68 134
2 69 187
2 70 86
2 71 102
2 72 90
2 73 37
2 74 57
2 75 77
2 76 162
2 77 32
2 78 154
2 79 75
2 80 96
2 81 179
2 82 187
2 83 131
2 84 159
2 85 171
2 86 31
2 87 167
2 88 81
2 89 115
2 90 66
2 91 122
2 92 154
2 93 42
2 94 46
2 95 133
2 96 45
2 97 59
2 98 50
2 99 157
3 4 97
3 5 115
3 6 188
3 7 171
3 8 162
3 9 170
3 10 106
3 11 99
3 12 109
3 13 48
3 14 21
3 15 196
3 16 103
3 17 71
3 18 24
3 19 70
3 20 99
3 21 142
3 22 27
3 23 176
3 24 83
3 25 73
3 26 127
3 27 63
3 28 77
3 29 32
3 30 75
3 31 194
3 32 70
3 33 54
3 34 66
3 35 64
3 36 50
3 37 133
3 38 159
3 39 116
3 40 144
3 41 81
3 42 102
3 43 185
3 44 147
3 45 101
3 46 24
3 47 123
3 48 147
3 49 198
3 50 158
3 51 181
3 52 40
3 53 58
3 54 161
3 55 88
3 56 175
3 57 178
3 58 173
3 59 146
3 60 196
3 61 167
3 62 167
3 63 92
3 64 194
3 65 77
3 66 126
3 67 94
3 68 25
3 69 47
3 70 130
3 71 87
3 72 69
3 73 68
3 74 120
3 75 32
3 76 78
3 77 93
3 78 144
3 79 70
3 80 95
3 81 152
3 82 88
3 83 53
3 84 104
3 85 75
3 86 82
3 87 88
3 88 175
3 89 147
3 90 39
3 91 159
3 92 138
3 93 110
3 94 99
3 95 59
3 96 34
3 97 38
3 98 80
3 99 32
4 5 49
4 6 97
4 7 60
4 8 80
4 9 168
4 10 20
4 11 129
4 12 136
4 13 42
4 14 133
4 15 97
4 16 80
4 17 35
4 18 152
4 19 145
4 20 30
4 21 153
4 22 39
4 23 101
4 24 143
4 25 135
4 26 56
4 27 109
4 28 172
4 29 56
4 30 93
4 31 30
4 32 46
4 33 161
4 34 70
4 35 135
4 36 183
4 37 59
4 38 39
4 39 90
4 40 144
4 41 119
4 42 67
4 43 189
4 44 181
4 45 68
4 46 175
4 47 28
4 48 188
4 49 180
4 50 96
4 51 80
4 52 111
4 53 144
4 54 89
4 55 136
4 56 28
4 57 41
4 58 150
4 59 48
4 60 56
4 61 184
4 62 109
4 63 29
4 64 82
4 65 45
4 66 171
4 67 138
4 68 167
4 69 30
4 70 140
4 71 141
4 72 90
4 73 193
4 74 65
4 75 170
4 76 42
4 77 73
4 78 81
4 79 108
4 80 160
4 81 171
4 82 151
4 83 134
4 84 47
4 85 21
4 86 131
4 87 81
4 88 26
4 89 165
4 90 182
4 91 64
4 92 76
4 93 130
4 94 76
4 95 137
4 96 136
4 97 93
4 98 80
4 99 193
5 6 46
5 7 88
5 8 199
5 9 50
5 10 67
5 11 178
5 12 137
5 13 88
5 14 130
5 15 152
5 16 127
5 17 167
5 18 51
5 19 84
5 20 188
5 21 155
5 22 29
5 23 196
5 24 175
5 25 36
5 26 69
5 27 168
5 28 90
5 29 166
5 30 84
5 31 195
5 32 127
5 33 166
5 34 195
5 35 181
5 36 29
5 37 107
5 38 196
5 39 84
5 40 67
5 41 56
5 42 192
5 43 23
5 44 199
5 45 183
5 46 81
5 47 59
5 48 53
5 49 195
5 50 59
5 51 76
5 52 183
5 53 161
5 54 138
5 55 171
5 56 157
5 57 180
5 58 185
5 59 173
5 60 65
5 61 193
5 62 168
5 63 116
5 64 105
5 65 57
5 66 89
5 67 42
5 68 168
5 69 27
5 70 45
5 71 119
5 72 191
5 73 167
5 74 196
5 75 185
5 76 59
5 77 26
5 78 182
5 79 67
5 80 136
5 81 199
5 82 124
5 83 44
5 84 56
5 85 173
5 86 152
5 87 131
5 88 102
5 89 140
5 90 52
5 91 169
5 92 36
5 93 55
5 94 191
5 95 143
5 96 89
5 97 199
5 98 97
5 99 39
6 7 57
6 8 69
6 9 157
6 10 172
6 11 189
6 12 59
6 13 148
6 14 89
6 15 61
6 16 176
6 17 61
6 18 99
6 19 79
6 20 124
6 21 150
6 22 177
6 23 198
6 24 163
6 25 80
6 26 121
6 27 36
6 28 45
6 29 29
6 30 120
6 31 69
6 32 146
6 33 187
6 34 78
6 35 114
6 36 185
6 37 129
6 38 159
6 39 53
6 40 116
6 41 36
6 42 79
6 43 169
6 44 100
6 45 114
6 46 145
6 47 65
6 48 82
6 49 143
6 50 134
6 51 150
6 52 93
6 53 42
6 54 150
6 55 126
6 56 119
6 57 53
6 58 62
6 59 122
6 60 71
6 61 121
6 62 154
6 63 115
6 64 101
6 65 197
6 66 106
6 67 24
6 68 61
6 69 75
6 70 114
6 71 169
6 72 105
6 73 183
6 74 91
6 75 179
6 76 41
6 77 56
6 78 88
6 79 141
6 80 96
6 81 142
6 82 152
6 83 89
6 84 89
6 85 32
6 86 134
6 87 171
6 88 86
6 89 156
6 90 185
6 91 59
6 92 43
6 93 29
6 94 144
6 95 187
6 96 63
6 97 20
6 98 91
6 99 38
7 8 166
7 9 132
7 10 88
7 11 179
7 12 46
7 13 115
7 14 83
7 15 169
7 16 92
7 17 92
7 18 32
7 19 125
7 20 171
7 21 142
7 22 150
7 23 168
7 24 61
7 25 39
7 26 139
7 27 160
7 28 150
7 29 71
7 30 158
7 31 49
7 32 61
7 33 198
7 34 143
7 35 80
7 36 24
7 37 173
7 38 183
7 39 160
7 40 144
7 41 141
7 42 56
7 43 166
7 44 46
7 45 31
7 46 166
7 47 118
7 48 181
7 49 97
7 50 85
7 51 182
7 52 50
7 53 27
7 54 144
7 55 165
7 56 105
7 57 133
7 58 135
7 59 69
7 60 22
7 61 55
7 62 54
7 63 161
7 64 155
7 65 138
7 66 73
7 67 80
7 68 132
7 69 126
7 70 50
7 71 123
7 72 137
7 73 145
7 74 86
7 75 24
7 76 194
7 77 198
7 78 175
7 79 85
7 80 66
7 81 181
7 82 196
7 83 67
7 84 83
7 85 188
7 86 65
7 87 20
7 88 123
7 89 89
7 90 160
7 91 150
7 92 107
7 93 165
7 94 153
7 95 100
7 96 78
7 97 54
7 98 30
7 99 28
8 9 110
8 10 159
8 11 147
8 12 148
8 13 59
8 14 95
8 15 93
8 16 179
8 17 156
8 18 106
8 19 169
8 20 145
8 21 151
8 22 65
8 23 39
8 24 165
8 25 79
8 26 173
8 27 47
8 28 129
8 29 125
8 30 180
8 31 124
8 32 199
8 33 135
8 34 121
8 35 147
8 36 145
8 37 41
8 38 146
8 39 139
8 40 159
8 41 24
8 42 22
8 43 87
8 44 90
8 45 44
8 46 117
8 47 31
8 48 97
8 49 106
8 50 95
8 51 139
8 52 177
8 53 182
8 54 72
8 55 23
8 56 150
8 57 44
8 58 40
8 59 142
8 60 41
8 61 142
8 62 37
8 63 196
8 64 34
8 65 131
8 66 37
8 67 139
8 68 37
8 69 41
8 70 121
8 71 90
8 72 52
8 73 146
8 74 119
8 75 47
8 76 135
8 77 42
8 78 43
8 79 43
8 80 127
8 81 175
8 82 93
8 83 31
8 84 123
8 85 153
8 86 74
8 87 180
8 88 35
8 89 178
8 90 148
8 91 131
8 92 164
8 93 113
8 94 155
8 95 155
8 96 156
8 97 153
8 98 98
8 99 167
9 10 161
9 11 37
9 12 185
9 13 39
9 14 89
9 15 191
9 16 195
9 17 166
9 18 96
9 19 30
9 20 113
9 21 115
9 22 95
9 23 171
9 24 23
9 25 152
9 26 188
9 27 30
9 28 53
9 29 149
9 30 79
9 31 92
9 32 121
9 33 96
9 34 187
9 35 25
9 36 85
9 37 154
9 38 20
9 39 180
9 40 86
9 41 70
9 42 152
9 43 91
9 44 72
9 45 171
9 46 197
9 47 132
9 48 162
9 49 185
9 50 71
9 51 115
9 52 85
9 53 139
9 54 171
9 55 102
9 56 93
9 57 112
9 58 21
9 59 113
9 60 113
9 61 34
9 62 191
9 63 45
9 64 45
9 65 104
9 66 162
9 67 77
9 68 117
9 69 118
9 70 188
9 71 107
9 72 134
9 73 179
9 74 188
9 75 158
9 76 156
9 77 84
9 78 178
9 79 41
9 80 91
9 81 182
9 82 71
9 83 106
9 84 46
9 85 43
9 86 79
9 87 104
9 88 58
9 89 164
9 90 77
9 91 20
9 92 34
9 93 107
9 94 125
9 95 84
9 96 87
9 97 32
9 98 107
9 99 111
10 11 146
10 12 41
10 13 134
10 14 65
10 15 155
10 16 68
10 17 72
10 18 149
10 19 74
10 20 116
10 21 114
10 22 63
10 23 52
10 24 106
10 25 178
10 26 148
10 27 50
10 28 130
10 29 77
10 30 79
10 31 120
10 32 77
10 33 50
10 34 116
10 35 164
10 36 156
10 37 165
10 38 104
10 39 107
10 40 170
10 41 85
10 42 36
10 43 119
10 44 50
10 45 191
10 46 150
10 47 65
10 48 54
10 49 120
10 50 175
10 51 63
10 52 27
10 53 176
10 54 103
10 55 63
10 56 94
10 57 84
10 58 76
10 59 122
10 60 156
10 61 94
10 62 161
10 63 82
10 64 130
10 65 128
10 66 34
10 67 129
10 68 123
10 69 145
10 70 58
10 71 106
10 72 57
10 73 188
10 74 161
10 75 62
10 76 67
10 77 197
10 78 167
10 79 79
10 80 171
10 81 146
10 82 186
10 83 189
10 84 83
10 85 77
10 86 41
10 87 168
10 88 60
10 89 110
10 90 106
10 91 106
10 92 143
10 93 178
10 94 121
10 95 143
10 96 164
10 97 96
10 98 171
10 99 159
11 12 87
11 13 194
11 14 163
11 15 29
11 16 170
11 17 200
11 18 170
11 19 27
11 20 108
11 21 38
11 22 189
11 23 97
11 24 71
11 25 32
11 26 178
11 27 183
11 28 111
11 29 129
11 30 66
11 31 104
11 32 45
11 33 112
11 34 66
11 35 32
11 36 57
11 37 58
11 38 37
11 39 164
11 40 38
11 41 96
11 42 33
11 43 37
11 44 186
11 45 89
11 46 153
11 47 127
11 48 100
11 49 59
11 50 74
11 51 182
11 52 66
11 53 71
11 54 41
11 55 126
11 56 144
11 57 182
11 58 91
11 59 148
11 60 189
11 61 163
11 62 81
11 63 148
11 64 69
11 65 23
11 66 66
11 67 84
11 68 95
11 69 180
11 70 168
11 71 186
11 72 194
11 73 71
11 74 147
11 75 184
11 76 93
11 77 103
11 78 168
11 79 86
11 80 173
11 81 56
11 82 27
11 83 20
11 84 189
11 85 74
11 86 166
11 87 133
11 88 112
11 89 157
11 90 51
11 91 188
11 92 88
11 93 200
11 94 97
11 95 87
11 96 53
11 97 143
11 98 22
11 99 123
12 13 24
12 14 161
12 15 143
12 16 42
12 17 188
12 18 190
12 19 40
12 20 95
12 21 156
12 22 154
12 23 21
12 24 183
12 25 69
12 26 125
12 27 25
12 28 82
12 29 154
12 30 46
12 31 104
12 32 70
12 33 170
12 34 42
12 35 45
12 36 27
12 37 143
12 38 193
12 39 87
12 40 27
12 41 200
12 42 120
12 43 50
12 44 103
12 45 114
12 46 192
12 47 54
12 48 146
12 49 158
12 50 117
12 51 114
12 52 173
12 53 182
12 54 76
12 55 46
12 56 100
12 57 38
12 58 135
12 59 65
12 60 152
12 61 83
12 62 68
12 63 58
12 64 66
12 65 22
12 66 173
12 67 151
12 68 93
12 69 58
12 70 124
12 71 175
12 72 28
12 73 79
12 74 71
12 75 175
12 76 37
12 77 143
12 78 75
12 79 77
12 80 106
12 81 191
12 82 141
12 83 145
12 84 172
12 85 48
12 86 169
12 87 174
12 88 145
12 89 102
12 90 69
12 91 133
12 92 117
12 93 62
12 94 157
12 95 44
12 96 180
12 97 134
12 98 54
12 99 150
13 14 131
13 15 33
13 16 176
13 17 153
13 18 95
13 19 120
13 20 61
13 21 98
13 22 55
13 23 135
13 24 42
13 25 159
13 26 106
13 27 67
13 28 120
13 29 167
13 30 153
13 31 140
13 32 192
13 33 93
13 34 46
13 35 166
13 36 186
13 37 181
13 38 196
13 39 30
13 40 52
13 41 183
13 42 195
13 43 50
13 44 73
13 45 92
13 46 109
13 47 121
13 48 59
13 49 75
13 50 159
13 51 64
13 52 140
13 53 126
13 54 43
13 55 196
13 56 173
13 57 143
13 58 92
13 59 166
13 60 71
13 61 80
13 62 41
13 63 45
13 64 20
13 65 117
13 66 144
13 67 123
13 68 164
13 69 31
13 70 127
13 71 152
13 72 100
13 73 73
13 74 168
13 75 100
13 76 170
13 77 90
13 78 134
13 79 47
13 80 169
13 81 47
13 82 40
13 83 36
13 84 119
13 85 178
13 86 124
13 87 25
13 88 52
13 89 137
13 90 169
13 91 156
13 92 94
13 93 24
13 94 134
13 95 179
13 96 41
13 97 118
13 98 185
13 99 186
14 15 77
14 16 182
14 17 150
14 18 106
14 19 174
14 20 197
14 21 92
14 22 151
14 23 129
14 24 59
14 25 104
14 26 134
14 27 26
14 28 45
14 29 63
14 30 33
14 31 176
14 32 110
14 33 178
14 34 88
14 35 99
14 36 171
14 37 64
14 38 63
14 39 152
14 40 79
14 41 97
14 42 190
14 43 195
14 44 22
14 45 136
14 46 123
14 47 189
14 48 47
14 49 73
14 50 127
14 51 108
14 52 128
14 53 95
14 54 131
14 55 71
14 56 106
14 57 162
14 58 148
14 59 79
14 60 57
14 61 148
14 62 100
14 63 139
14 64 198
14 65 148
14 66 84
14 67 111
14 68 95
14 69 195
14 70 146
14 71 71
14 72 52
14 73 173
14 74 90
14 75 167
14 76 118
14 77 29
14 78 21
14 79 181
14 80 100
14 81 180
14 82 123
14 83 148
14 84 167
14 85 103
14 86 153
14 87 107
14 88 151
14 89 186
14 90 109
14 91 142
14 92 78
14 93 57
14 94 160
14 95 148
14 96 178
14 97 83
14 98 92
14 99 32
15 16 42
15 17 81
15 18 106
15 19 75
15 20 71
15 21 193
15 22 86
15 23 198
15 24 175
15 25 187
15 26 29
15 27 146
15 28 138
15 29 80
15 30 62
15 31 26
15 32 145
15 33 70
15 34 156
15 35 88
15 36 36
15 37 162
15 38 175
15 39 126
15 40 45
15 41 116
15 42 166
15 43 21
15 44 39
15 45 196
15 46 171
15 47 196
15 48 31
15 49 196
15 50 145
15 51 176
15 52 69
15 53 83
15 54 110
15 55 198
15 56 122
15 57 53
15 58 134
15 59 174
15 60 194
15 61 193
15 62 108
15 63 61
15 64 195
15 65 54
15 66 23
15 67 39
15 68 147
15 69 71
15 70 123
15 71 180
15 72 142
15 73 25
15 74 84
15 75 149
15 76 37
15 77 136
15 78 50
15 79 165
15 80 61
15 81 175
15 82 175
15 83 51
15 84 111
15 85 140
15 86 149
15 87 95
15 88 103
15 89 198
15 90 96
15 91 165
15 92 170
15 93 186
15 94 37
15 95 151
15 96 57
15 97 134
15 98 49
15 99 147
16 17 52
16 18 171
16 19 42
16 20 182
16 21 60
16 22 143
16 23 182
16 24 148
16 25 85
16 26 51
16 27 194
16 28 82
16 29 168
16 30 21
16 31 109
16 32 168
16 33 181
16 34 83
16 35 186
16 36 199
16 37 21
16 38 124
16 39 41
16 40 124
16 41 104
16 42 62
16 43 108
16 44 142
16 45 193
16 46 65
16 47 186
16 48 177
16 49 73
16 50 130
16 51 129
16 52 142
16 53 122
16 54 179
16 55 102
16 56 127
16 57 84
16 58 136
16 59 182
16 60 164
16 61 63
16 62 65
16 63 193
16 64 180
16 65 74
16 66 186
16 67 178
16 68 30
16 69 35
16 70 196
16 71 105
16 72 156
16 73 161
16 74 110
16 75 24
16 76 115
16 77 69
16 78 200
16 79 154
16 80 64
16 81 26
16 82 102
16 83 74
16 84 94
16 85 132
16 86 121
16 87 155
16 88 71
16 89 182
16 90 196
16 91 49
16 92 79
16 93 152
16 94 69
16 95 198
16 96 141
16 97 49
16 98 39
16 99 151
17 18 25
17 19 195
17 20 172
17 21 122
17 22 157
17 23 165
17 24 136
17 25 143
17 26 165
17 27 115
17 28 34
17 29 55
17 30 76
17 31 188
17 32 150
17 33 85
17 34 51
17 35 24
17 36 33
17 37 136
17 38 174
17 39 129
17 40 95
17 41 188
17 42 57
17 43 199
17 44 74
17 45 23
17 46 192
17 47 137
17 48 74
17 49 68
17 50 189
17 51 178
17 52 124
17 53 183
17 54 24
17 55 197
17 56 78
17 57 176
17 58 74
17 59 144
17 60 90
17 61 192
17 62 139
17 63 185
17 64 143
17 65 35
17 66 129
17 67 111
17 68 52
17 69 68
17 70 98
17 71 167
17 72 94
17 73 70
17 74 60
17 75 191
17 76 99
17 77 60
17 78 199
17 79 33
17 80 128
17 81 21
17 82 162
17 83 92
17 84 104
17 85 53
17 86 79
17 87 47
17 88 174
17 89 65
17 90 40
17 91 112
17 92 119
17 93 158
17 94 35
17 95 194
17 96 67
17 97 131
17 98 42
17 99 138
18 19 30
18 20 65
18 21 161
18 22 144
18 23 76
18 24 61
18 25 44
18 26 151
18 27 93
18 28 197
18 29 188
18 30 176
18 31 101
18 32 109
18 33 160
18 34 116
18 35 27
18 36 194
18 37 150
18 38 70
18 39 42
18 40 175
18 41 47
18 42 195
18 43 163
18 44 200
18 45 124
18 46 168
18 47 122
18 48 58
18 49 97
18 50 170
18 51 190
18 52 38
18 53 187
18 54 165
18 55 170
18 56 173
18 57 187
18 58 114
18 59 47
18 60 28
18 61 58
18 62 41
18 63 69
18 64 198
18 65 154
18 66 58
18 67 37
18 68 71
18 69 25
18 70 136
18 71 27
18 72 124
18 73 60
18 74 53
18 75 144
18 76 193
18 77 86
18 78 52
18 79 176
18 80 127
18 81 56
18 82 75
18 83 137
18 84 194
18 85 197
18 86 88
18 87 109
18 88 168
18 89 54
18 90 177
18 91 177
18 92 97
18 93 170
18 94 196
18 95 92
18 96 163
18 97 84
18 98 92
18 99 93
19 20 114
19 21 174
19 22 93
19 23 93
19 24 80
19 25 84
19 26 95
19 27 194
19 28 58
19 29 54
19 30 68
19 31 135
19 32 82
19 33 189
19 34 131
19 35 184
19 36 70
19 37 144
19 38 130
19 39 61
19 40 25
19 41 58
19 42 139
19 43 54
19 44 155
19 45 133
19 46 92
19 47 49
19 48 127
19 49 110
19 50 55
19 51 152
19 52 165
19 53 163
19 54 197
19 55 46
19 56 200
19 57 154
19 58 84
19 59 141
19 60 54
19 61 45
19 62 25
19 63 70
19 64 187
19 65 142
19 66 146
19 67 154
19 68 82
19 69 67
19 70 140
19 71 92
19 72 41
19 73 20
19 74 59
19 75 37
19 76 151
19 77 170
19 78 190
19 79 139
19 80 35
19 81 146
19 82 149
19 83 30
19 84 50
19 85 49
19 86 48
19 87 47
19 88 59
19 89 24
19 90 124
19 91 47
19 92 73
19 93 175
19 94 193
19 95 64
19 96 91
19 97 68
19 98 92
19 99 191
20 21 152
20 22 32
20 23 189
20 24 100
20 25 47
20 26 198
20 27 45
20 28 112
20 29 148
20 30 85
20 31 60
20 32 31
20 33 170
20 34 195
20 35 93
20 36 168
20 37 160
20 38 97
20 39 114
20 40 35
20 41 191
20 42 86
20 43 137
20 44 133
20 45 195
20 46 57
20 47 115
20 48 26
20 49 44
20 50 97
20 51 149
20 52 110
20 53 102
20 54 173
20 55 189
20 56 116
20 57 41
20 58 108
20 59 103
20 60 197
20 61 184
20 62 83
20 63 169
20 64 47
20 65 168
20 66 124
20 67 65
20 68 140
20 69 67
20 70 25
20 71 170
20 72 54
20 73 154
20 74 57
20 75 84
20 76 130
20 77 149
20 78 45
20 79 75
20 80 131
20 81 105
20 82 82
20 83 143
20 84 103
20 85 192
20 86 152
20 87 184
20 88 37
20 89 160
20 90 24
20 91 130
20 92 143
20 93 138
20 94 170
20 95 130
20 96 26
20 97 126
20 98 114
20 99 82
21 22 30
21 23 154
21 24 147
21 25 184
21 26 194
21 27 97
21 28 175
21 29 150
21 30 188
21 31 73
21 32 79
21 33 112
21 34 192
21 35 126
21 36 26
21 37 30
21 38 148
21 39 134
21 40 140
21 41 95
21 42 20
21 43 141
21 44 35
21 45 109
21 46 185
21 47 153
21 48 39
21 49 187
21 50 66
21 51 39
21 52 148
21 53 105
21 54 74
21 55 156
21 56 53
21 57 43
21 58 197
21 59 102
21 60 65
21 61 148
21 62 182
21 63 20
21 64 107
21 65 116
21 66 45
21 67 100
21 68 82
21 69 60
21 70 54
21 71 120
21 72 88
21 73 153
21 74 60
21 75 159
21 76 32
21 77 105
21 78 197
21 79 31
21 80 67
21 81 104
21 82 159
21 83 62
21 84 91
21 85 24
21 86 63
21 87 86
21 88 71
21 89 187
21 90 106
21 91 81
21 92 80
21 93 137
21 94 191
21 95 195
21 96 166
21 97 20
21 98 31
21 99 117
22 23 90
22 24 188
22 25 68
22 26 191
22 27 92
22 28 85
22 29 158
22 30 151
22 31 74
22 32 28
22 33 167
22 34 37
22 35 21
22 36 76
22 37 157
22 38 192
22 39 158
22 40 175
22 41 61
22 42 171
22 43 171
22 44 198
22 45 93
22 46 115
22 47 148
22 48 139
22 49 66
22 50 106
22 51 165
22 52 115
22 53 156
22 54 128
22 55 159
22 56 91
22 57 42
22 58 112
22 59 157
22 60 155
22 61 181
22 62 178
22 63 153
22 64 82
22 65 184
22 66 65
22 67 192
22 68 54
22 69 155
22 70 22
22 71 131
22 72 53
22 73 131
22 74 187
22 75 175
22 76 171
22 77 160
22 78 183
22 79 63
22 80 195
22 81 183
22 82 60
22 83 67
22 84 81
22 85 191
22 86 166
22 87 82
22 88 77
22 89 131
22 90 132
22 91 69
22 92 57
22 93 31
22 94 98
22 95 166
22 96 75
22 97 166
22 98 56
22 99 158
23 24 183
23 25 60
23 26 113
23 27 111
23 28 140
23 29 74
23 30 116
23 31 131
23 32 37
23 33 176
23 34 124
23 35 171
23 36 131
23 37 109
23 38 195
23 39 45
23 40 183
23 41 148
23 42 178
23 43 26
23 44 135
23 45 54
23 46 97
23 47 44
23 48 31
23 49 114
23 50 143
23 51 177
23 52 141
23 53 63
23 54 39
23 55 37
23 56 79
23 57 94
23 58 74
23 59 79
23 60 60
23 61 191
23 62 168
23 63 129
23 64 128
23 65 125
23 66 112
23 67 53
23 68 37
23 69 167
23 70 70
23 71 59
23 72 167
23 73 38
23 74 33
23 75 199
23 76 186
23 77 185
23 78 106
23 79 73
23 80 38
23 81 141
23 82 57
23 83 46
23 84 135
23 85 158
23 86 69
23 87 119
23 88 81
23 89 158
23 90 141
23 91 77
23 92 155
23 93 188
23 94 193
23 95 70
23 96 155
23 97 80
23 98 31
23 99 94
24 25 166
24 26 70
24 27 69
24 28 92
24 29 177
24 30 33
24 31 39
24 32 44
24 33 150
24 34 106
24 35 151
24 36 157
24 37 163
24 38 174
24 39 141
24 40 122
24 41 67
24 42 38
24 43 142
24 44 165
24 45 103
24 46 126
24 47 24
24 48 44
24 49 118
24 50 153
24 51 69
24 52 126
24 53 173
24 54 137
24 55 194
24 56 85
24 57 31
24 58 55
24 59 131
24 60 166
24 61 70
24 62 95
24 63 126
24 64 70
24 65 55
24 66 72
24 67 139
24 68 124
24 69 190
24 70 38
24 71 54
24 72 191
24 73 43
24 74 32
24 75 198
24 76 108
24 77 96
24 78 117
24 79 149
24 80 161
24 81 87
24 82 186
24 83 167
24 84 124
24 85 38
24 86 119
24 87 46
24 88 168
24 89 91
24 90 32
24 91 58
24 92 128
24 93 124
24 94 60
24 95 29
24 96 98
24 97 33
24 98 162
24 99 177
25 26 22
25 27 119
25 28 164
25 29 111
25 30 86
25 31 112
25 32 109
25 33 39
25 34 150
25 35 158
25 36 172
25 37 55
25 38 167
25 39 110
25 40 68
25 41 143
25 42 149
25 43 35
25 44 200
25 45 183
25 46 21
25 47 136
25 48 62
25 49 112
25 50 112
25 51 174
25 52 147
25 53 170
25 54 68
25 55 168
25 56 85
25 57 21
25 58 192
25 59 58
25 60 45
25 61 40
25 62 36
25 63 94
25 64 95
25 65 165
25 66 120
25 67 173
25 68 119
25 69 147
25 70 163
25 71 158
25 72 31
25 73 182
25 74 170
25 75 146
25 76 52
25 77 55
25 78 29
25 79 168
25 80 45
25 81 140
25 82 168
25 83 54
25 84 103
25 85 101
25 86 24
25 87 186
25 88 48
25 89 136
25 90 56
25 91 131
25 92 174
25 93 171
25 94 46
25 95 163
25 96 134
25 97 193
25 98 141
25 99 159
26 27 37
26 28 160
26 29 91
26 30 105
26 31 113
26 32 43
26 33 30
26 34 118
26 35 96
26 36 193
26 37 108
26 38 70
26 39 113
26 40 29
26 41 181
26 42 20
26 43 190
26 44 175
26 45 185
26 46 103
26 47 128
26 48 143
26 49 165
26 50 192
26 51 90
26 52 23
26 53 184
26 54 85
26 55 165
26 56 102
26 57 85
26 58 50
26 59 46
26 60 112
26 61 117
26 62 110
26 63 62
26 64 73
26 65 59
26 66 93
26 67 182
26 68 111
26 69 165
26 70 58
26 71 159
26 72 112
26 73 45
26 74 45
26 75 29
26 76 77
26 77 106
26 78 72
26 79 153
26 80 117
26 81 166
26 82 133
26 83 45
26 84 117
26 85 96
26 86 167
26 87 63
26 88 72
26 89 59
26 90 185
26 91 40
26 92 81
26 93 85
26 94 33
26 95 175
26 96 133
26 97 62
26 98 137
26 99 109
27 28 123
27 29 161
27 30 89
27 31 47
27 32 71
27 33 61
27 34 117
27 35 84
27 36 75
27 37 78
27 38 181
27 39 99
27 40 25
27 41 104
27 42 37
27 43 123
27 44 157
27 45 159
27 46 92
27 47 188
27 48 49
27 49 197
27 50 186
27 51 38
27 52 180
27 53 157
27 54 35
27 55 149
27 56 195
27 57 158
27 58 36
27 59 167
27 60 116
27 61 175
27 62 163
27 63 76
27 64 75
27 65 104
27 66 141
27 67 136
27 68 189
27 69 72
27 70 194
27 71 128
27 72 69
27 73 98
27 74 80
27 75 41
27 76 168
27 77 158
27 78 179
27 79 71
27 80 90
27 81 173
27 82 149
27 83 164
27 84 63
27 85 115
27 86 121
27 87 23
27 88 163
27 89 162
27 90 137
27 91 182
27 92 116
27 93 197
27 94 113
27 95 180
27 96 164
27 97 97
27 98 131
27 99 77
28 29 51
28 30 73
28 31 132
28 32 79
28 33 146
28 34 97
28 35 48
28 36 75
28 37 65
28 38 139
28 39 158
28 40 140
28 41 62
28 42 64
28 43 159
28 44 171
28 45 128
28 46 32
28 47 158
28 48 39
28 49 147
28 50 169
28 51 103
28 52 129
28 53 145
28 54 68
28 55 189
28 56 180
28 57 181
28 58 124
28 59 184
28 60 170
28 61 119
28 62 138
28 63 186
28 64 129
28 65 24
28 66 68
28 67 93
28 68 66
28 69 85
28 70 142
28 71 194
28 72 192
28 73 147
28 74 134
28 75 37
28 76 100
28 77 187
28 78 49
28 79 50
28 80 174
28 81 132
28 82 80
28 83 78
28 84 152
28 85 23
28 86 186
28 87 135
28 88 144
28 89 26
28 90 61
28 91 59
28 92 198
28 93 129
28 94 182
28 95 155
28 96 192
28 97 74
28 98 180
28 99 97
29 30 93
29 31 115
29 32 41
29 33 142
29 34 69
29 35 32
29 36 164
29 37 169
29 38 74
29 39 124
29 40 37
29 41 148
29 42 156
29 43 140
29 44 127
29 45 169
29 46 118
29 47 117
29 48 110
29 49 197
29 50 149
29 51 192
29 52 170
29 53 160
29 54 120
29 55 146
29 56 52
29 57 159
29 58 103
29 59 42
29 60 113
29 61 35
29 62 197
29 63 21
29 64 131
29 65 192
29 66 152
29 67 163
29 68 105
29 69 140
29 70 186
29 71 91
29 72 151
29 73 70
29 74 190
29 75 138
29 76 29
29 77 107
29 78 46
29 79 128
29 80 182
29 81 89
29 82 37
29 83 29
29 84 82
29 85 73
29 86 77
29 87 102
29 88 189
29 89 22
29 90 92
29 91 189
29 92 183
29 93 171
29 94 139
29 95 72
29 96 47
29 97 123
29 98 73
29 99 167
30 31 117
30 32 78
30 33 176
30 34 139
30 35 185
30 36 152
30 37 58
30 38 56
30 39 26
30 40 182
30 41 99
30 42 192
30 43 109
30 44 109
30 45 177
30 46 62
30 47 195
30 48 82
30 49 159
30 50 195
30 51 28
30 52 199
30 53 48
30 54 50
30 55 180
30 56 180
30 57 145
30 58 155
30 59 200
30 60 154
30 61 132
30 62 105
30 63 193
30 64 138
30 65 138
30 66 94
30 67 170
30 68 188
30 69 97
30 70 167
30 71 156
30 72 182
30 73 132
30 74 27
30 75 83
30 76 43
30 77 89
30 78 45
30 79 139
30 80 81
30 81 129
30 82 93
30 83 142
30 84 189
30 85 66
30 86 93
30 87 167
30 88 83
30 89 189
30 90 142
30 91 124
30 92 181
30 93 63
30 94 163
30 95 48
30 96 107
30 97 77
30 98 173
30 99 24
31 32 56
31 33 47
31 34 159
31 35 87
31 36 51
31 37 95
31 38 30
31 39 162
31 40 64
31 41 36
31 42 130
31 43 90
31 44 191
31 45 145
31 46 81
31 47 20
31 48 195
31 49 99
31 50 126
31 51 22
31 52 178
31 53 180
31 54 48
31 55 196
31 56 124
31 57 176
31 58 121
31 59 40
31 60 33
31 61 89
31 62 73
31 63 131
31 64 149
31 65 174
31 66 142
31 67 79
31 68 101
31 69 194
31 70 100
31 71 179
31 72 71
31 73 54
31 74 71
31 75 194
31 76 193
31 77 63
31 78 120
31 79 179
31 80 81
31 81 91
31 82 162
31 83 136
31 84 92
31 85 94
31 86 64
31 87 168
31 88 99
31 89 33
31 90 191
31 91 96
31 92 83
31 93 108
31 94 75
31 95 147
31 96 114
31 97 83
31 98 114
31 99 169
32 33 81
32 34 93
32 35 130
32 36 138
32 37 26
32 38 169
32 39 159
32 40 157
32 41 133
32 42 29
32 43 82
32 44 161
32 45 103
32 46 153
32 47 155
32 48 127
32 49 77
32 50 190
32 51 155
32 52 52
32 53 84
32 54 40
32 55 144
32 56 159
32 57 141
32 58 159
32 59 152
32 60 145
32 61 111
32 62 129
32 63 121
32 64 156
32 65 162
32 66 176
32 67 25
32 68 54
32 69 137
32 70 64
32 71 35
32 72 35
32 73 44
32 74 56
32 75 42
32 76 71
32 77 82
32 78 143
32 79 72
32 80 190
32 81 105
32 82 21
32 83 34
32 84 95
32 85 113
32 86 141
32 87 86
32 88 149
32 89 50
32 90 103
32 91 34
32 92 132
32 93 154
32 94 117
32 95 27
32 96 112
32 97 83
32 98 103
32 99 35
33 34 142
33 35 182
33 36 100
33 37 161
33 38 166
33 39 109
33 40 30
33 41 151
33 42 160
33 43 124
33 44 199
33 45 144
33 46 56
33 47 72
33 48 102
33 49 128
33 50 92
33 51 29
33 52 144
33 53 159
33 54 173
33 55 67
33 56 125
33 57 173
33 58 90
33 59 196
33 60 71
33 61 121
33 62 32
33 63 66
33 64 63
33 65 87
33 66 113
33 67 152
33 68 58
33 69 132
33 70 153
33 71 150
33 72 78
33 73 168
33 74 64
33 75 105
33 76 103
33 77 123
33 78 194
33 79 159
33 80 89
33 81 181
33 82 153
33 83 100
33 84 120
33 85 176
33 86 48
33 87 85
33 88 45
33 89 126
33 90 75
33 91 84
33 92 148
33 93 181
33 94 40
33 95 100
33 96 67
33 97 168
33 98 22
33 99 27
34 35 84
34 36 56
34 37 123
34 38 75
34 39 112
34 40 67
34 41 66
34 42 46
34 43 74
34 44 145
34 45 165
34 46 105
34 47 116
34 48 111
34 49 165
34 50 68
34 51 196
34 52 135
34 53 166
34 54 144
34 55 39
34 56 191
34 57 163
34 58 26
34 59 162
34 60 92
34 61 164
34 62 173
34 63 164
34 64 74
34 65 120
34 66 152
34 67 194
34 68 132
34 69 126
34 70 144
34 71 59
34 72 69
34 73 111
34 74 150
34 75 20
34 76 35
34 77 156
34 78 88
34 79 116
34 80 113
34 81 145
34 82 135
34 83 134
34 84 185
34 85 127
34 86 130
34 87 36
34 88 122
34 89 26
34 90 126
34 91 85
34 92 94
34 93 30
34 94 68
34 95 194
34 96 176
34 97 112
34 98 53
34 99 81
35 36 172
35 37 133
35 38 77
35 39 179
35 40 196
35 41 34
35 42 115
35 43 139
35 44 96
35 45 63
35 46 185
35 47 35
35 48 32
35 49 119
35 50 157
35 51 102
35 52 119
35 53 60
35 54 198
35 55 181
35 56 24
35 57 59
35 58 197
35 59 22
35 60 159
35 61 20
35 62 179
35 63 32
35 64 73
35 65 35
35 66 151
35 67 26
35 68 183
35 69 23
35 70 112
35 71 130
35 72 76
35 73 111
35 74 183
35 75 31
35 76 20
35 77 142
35 78 110
35 79 47
35 80 147
35 81 40
35 82 173
35 83 68
35 84 102
35 85 185
35 86 53
35 87 49
35 88 74
35 89 54
35 90 99
35 91 74
35 92 166
35 93 73
35 94 165
35 95 172
35 96 160
35 97 123
35 98 29
35 99 32
36 37 114
36 38 159
36 39 123
36 40 161
36 41 96
36 42 38
36 43 164
36 44 172
36 45 114
36 46 154
36 47 160
36 48 187
36 49 152
36 50 135
36 51 65
36 52 42
36 53 103
36 54 164
36 55 85
36 56 161
36 57 191
36 58 71
36 59 125
36 60 147
36 61 114
36 62 92
36 63 194
36 64 172
36 65 100
36 66 156
36 67 162
36 68 121
36 69 69
36 70 76
36 71 112
36 72 91
36 73 95
36 74 131
36 75 42
36 76 110
36 77 103
36 78 119
36 79 24
36 80 180
36 81 101
36 82 130
36 83 103
36 84 158
36 85 48
36 86 109
36 87 162
36 88 61
36 89 164
36 90 154
36 91 93
36 92 178
36 93 174
36 94 122
36 95 86
36 96 69
36 97 179
36 98 122
36 99 57
37 38 111
37 39 129
37 40 95
37 41 119
37 42 83
37 43 156
37 44 56
37 45 117
37 46 199
37 47 73
37 48 129
37 49 153
37 50 172
37 51 200
37 52 102
37 53 115
37 54 75
37 55 85
37 56 97
37 57 55
37 58 113
37 59 44
37 60 77
37 61 87
37 62 149
37 63 108
37 64 78
37 65 183
37 66 124
37 67 128
37 68 81
37 69 156
37 70 163
37 71 192
37 72 158
37 73 159
37 74 31
37 75 40
37 76 162
37 77 130
37 78 96
37 79 112
37 80 86
37 81 75
37 82 158
37 83 116
37 84 111
37 85 69
37 86 55
37 87 25
37 88 118
37 89 146
37 90 102
37 91 44
37 92 170
37 93 67
37 94 130
37 95 34
37 96 165
37 97 195
37 98 31
37 99 95
38 39 161
38 40 25
38 41 57
38 42 185
38 43 182
38 44 54
38 45 156
38 46 169
38 47 144
38 48 104
38 49 40
38 50 58
38 51 95
38 52 179
38 53 127
38 54 22
38 55 131
38 56 177
38 57 110
38 58 85
38 59 110
38 60 107
38 61 54
38 62 133
38 63 115
38 64 154
38 65 119
38 66 184
38 67 95
38 68 116
38 69 115
38 70 158
38 71 70
38 72 78
38 73 63
38 74 137
38 75 50
38 76 31
38 77 161
38 78 103
38 79 165
38 80 42
38 81 29
38 82 119
38 83 156
38 84 187
38 85 57
38 86 147
38 87 76
38 88 122
38 89 80
38 90 174
38 91 24
38 92 189
38 93 136
38 94 127
38 95 192
38 96 173
38 97 29
38 98 194
38 99 130
39 40 119
39 41 82
39 42 92
39 43 76
39 44 151
39 45 46
39 46 112
39 47 156
39 48 193
39 49 50
39 50 193
39 51 189
39 52 162
39 53 54
39 54 172
39 55 50
39 56 22
39 57 163
39 58 177
39 59 103
39 60 153
39 61 41
39 62 175
39 63 195
39 64 33
39 65 115
39 66 133
39 67 115
39 68 40
39 69 91
39 70 148
39 71 117
39 72 22
39 73 151
39 74 75
39 75 148
39 76 60
39 77 82
39 78 182
39 79 30
39 80 129
39 81 124
39 82 91
39 83 161
39 84 54
39 85 199
39 86 28
39 87 65
39 88 43
39 89 118
39 90 65
39 91 117
39 92 59
39 93 132
39 94 37
39 95 34
39 96 27
39 97 175
39 98 104
39 99 163
40 41 48
40 42 95
40 43 115
40 44 81
40 45 189
40 46 108
40 47 39
40 48 31
40 49 53
40 50 108
40 51 130
40 52 24
40 53 77
40 54 140
40 55 83
40 56 32
40 57 135
40 58 160
40 59 148
40 60 116
40 61 59
40 62 117
40 63 163
40 64 155
40 65 61
40 66 112
40 67 197
40 68 73
40 69 55
40 70 193
40 71 78
40 72 192
40 73 161
40 74 26
40 75 45
40 76 141
40 77 152
40 78 154
40 79 20
40 80 75
40 81 98
40 82 118
40 83 155
40 84 146
40 85 120
40 86 26
40 87 64
40 88 117
40 89 37
40 90 42
40 91 156
40 92 84
40 93 165
40 94 191
40 95 74
40 96 141
40 97 92
40 98 174
40 99 134
41 42 152
41 43 160
41 44 109
41 45 49
41 46 147
41 47 100
41 48 109
41 49 186
41 50 114
41 51 103
41 52 107
41 53 199
41 54 77
41 55 107
41 56 78
41 57 147
41 58 165
41 59 92
41 60 200
41 61 65
41 62 47
41 63 28
41 64 61
41 65 189
41 66 86
41 67 116
41 68 199
41 69 128
41 70 139
41 71 92
41 72 58
41 73 29
41 74 96
41 75 198
41 76 164
41 77 123
41 78 188
41 79 128
41 80 85
41 81 163
41 82 184
41 83 49
41 84 104
41 85 117
41 86 121
41 87 100
41 88 147
41 89 50
41 90 114
41 91 63
41 92 51
41 93 135
41 94 30
41 95 148
41 96 124
41 97 154
41 98 114
41 99 50
42 43 60
42 44 168
42 45 130
42 46 130
42 47 106
42 48 62
42 49 25
42 50 50
42 51 152
42 52 97
42 53 172
42 54 40
42 55 103
42 56 140
42 57 197
42 58 79
42 59 33
42 60 152
42 61 102
42 62 183
42 63 24
42 64 119
42 65 37
42 66 90
42 67 29
42 68 178
42 69 100
42 70 54
42 71 99
42 72 181
42 73 169
42 74 87
42 75 89
42 76 126
42 77 82
42 78 133
42 79 124
42 80 54
42 81 107
42 82 69
42 83 164
42 84 49
42 85 64
42 86 144
42 87 152
42 88 143
42 89 128
42 90 199
42 91 106
42 92 79
42 93 39
42 94 37
42 95 46
42 96 93
42 97 50
42 98 96
42 99 121
43 44 108
43 45 26
43 46 122
43 47 110
43 48 112
43 49 130
43 50 136
43 51 28
43 52 175
43 53 155
43 54 52
43 55 121
43 56 22
43 57 135
43 58 151
43 59 112
43 60 77
43 61 172
43 62 181
43 63 93
43 64 114
43 65 153
43 66 102
43 67 193
43 68 135
43 69 106
43 70 182
43 71 130
43 72 110
43 73 186
43 74 185
43 75 111
43 76 44
43 77 82
43 78 115
43 79 85
43 80 87
43 81 182
43 82 36
43 83 64
43 84 188
43 85 48
43 86 198
43 87 69
43 88 55
43 89 160
43 90 108
43 91 35
43 92 56
43 93 116
43 94 180
43 95 142
43 96 174
43 97 34
43 98 79
43 99 120
44 45 190
44 46 158
44 47 118
44 48 88
44 49 60
44 50 104
44 51 137
44 52 39
44 53 32
44 54 185
44 55 182
44 56 65
44 57 149
44 58 35
44 59 150
44 60 80
44 61 155
44 62 68
44 63 27
44 64 124
44 65 172
44 66 43
44 67 50
44 68 155
44 69 131
44 70 105
44 71 198
44 72 84
44 73 106
44 74 191
44 75 199
44 76 176
44 77 135
44 78 133
44 79 146
44 80 199
44 81 89
44 82 36
44 83 54
44 84 134
44 85 196
44 86 76
44 87 192
44 88 93
44 89 121
44 90 69
44 91 127
44 92 144
44 93 120
44 94 54
44 95 95
44 96 193
44 97 119
44 98 85
44 99 197
45 46 92
45 47 23
45 48 68
45 49 88
45 50 173
45 51 97
45 52 107
45 53 188
45 54 76
45 55 71
45 56 189
45 57 99
45 58 192
45 59 98
45 60 135
45 61 166
45 62 153
45 63 104
45 64 115
45 65 97
45 66 111
45 67 39
45 68 149
45 69 60
45 70 165
45 71 43
45 72 86
45 73 127
45 74 46
45 75 113
45 76 54
45 77 31
45 78 151
45 79 108
45 80 51
45 81 158
45 82 131
45 83 66
45 84 162
45 85 96
45 86 115
45 87 160
45 88 193
45 89 167
45 90 182
45 91 162
45 92 168
45 93 118
45 94 184
45 95 134
45 96 44
45 97 159
45 98 58
45 99 48
46 47 51
46 48 188
46 49 170
46 50 200
46 51 73
46 52 67
46 53 163
46 54 149
46 55 63
46 56 50
46 57 140
46 58 175
46 59 46
46 60 153
46 61 70
46 62 83
46 63 41
46 64 106
46 65 196
46 66 180
46 67 62
46 68 197
46 69 59
46 70 124
46 71 135
46 72 70
46 73 102
46 74 27
46 75 121
46 76 129
46 77 43
46 78 98
46 79 116
46 80 137
46 81 167
46 82 50
46 83 173
46 84 188
46 85 157
46 86 26
46 87 187
46 88 196
46 89 115
46 90 166
46 91 36
46 92 182
46 93 146
46 94 163
46 95 101
46 96 173
46 97 193
46 98 122
46 99 124
47 48 141
47 49 163
47 50 145
47 51 194
47 52 176
47 53 164
47 54 136
47 55 90
47 56 154
47 57 63
47 58 49
47 59 174
47 60 145
47 61 171
47 62 81
47 63 148
47 64 146
47 65 30
47 66 55
47 67 98
47 68 179
47 69 33
47 70 94
47 71 20
47 72 91
47 73 52
47 74 101
47 75 30
47 76 88
47 77 66
47 78 64
47 79 127
47 80 139
47 81 100
47 82 33
47 83 171
47 84 68
47 85 150
47 86 63
47 87 104
47 88 116
47 89 156
47 90 177
47 91 104
47 92 49
47 93 74
47 94 51
47 95 112
47 96 168
47 97 130
47 98 55
47 99 81
48 49 185
48 50 104
48 51 147
48 52 84
48 53 26
48 54 135
48 55 112
48 56 24
48 57 196
48 58 146
48 59 112
48 60 110
48 61 97
48 62 22
48 63 102
48 64 37
48 65 47
48 66 89
48 67 97
48 68 84
48 69 59
48 70 198
48 71 69
48 72 113
48 73 141
48 74 51
48 75 116
48 76 152
48 77 164
48 78 116
48 79 25
48 80 88
48 81 98
48 82 48
48 83 144
48 84 166
48 85 21
48 86 148
48 87 106
48 88 129
48 89 96
48 90 178
48 91 150
48 92 74
48 93 162
48 94 195
48 95 40
48 96 42
48 97 179
48 98 91
48 99 145
49 50 195
49 51 182
49 52 127
49 53 199
49 54 128
49 55 62
49 56 133
49 57 100
49 58 150
49 59 188
49 60 113
49 61 119
49 62 111
49 63 156
49 64 37
49 65 122
49 66 30
49 67 97
49 68 97
49 69 113
49 70 87
49 71 194
49 72 55
49 73 105
49 74 149
49 75 25
49 76 47
49 77 178
49 78 175
49 79 24
49 80 69
49 81 125
49 82 142
49 83 27
49 84 59
49 85 67
49 86 131
49 87 58
49 88 56
49 89 83
49 90 148
49 91 168
49 92 65
49 93 160
49 94 136
49 95 198
49 96 83
49 97 41
49 98 81
49 99 86
50 51 175
50 52 24
50 53 46
50 54 26
50 55 105
50 56 197
50 57 147
50 58 104
50 59 183
50 60 83
50 61 41
50 62 68
50 63 119
50 64 88
50 65 70
50 66 198
50 67 196
50 68 37
50 69 37
50 70 64
50 71 59
50 72 108
50 73 175
50 74 118
50 75 179
50 76 56
50 77 143
50 78 80
50 79 68
50 80 156
50 81 73
50 82 151
50 83 46
50 84 137
50 85 28
50 86 108
50 87 32
50 88 38
50 89 114
50 90 189
50 91 189
50 92 165
50 93 165
50 94 113
50 95 40
50 96 92
50 97 188
50 98 79
50 99 109
51 52 56
51 53 191
51 54 177
51 55 147
51 56 104
51 57 188
51 58 23
51 59 169
51 60 52
51 61 39
51 62 184
51 63 157
51 64 22
51 65 103
51 66 131
51 67 25
51 68 128
51 69 163
51 70 168
51 71 198
51 72 194
51 73 182
51 74 57
51 75 110
51 76 164
51 77 182
51 78 170
51 79 72
51 80 101
51 81 81
51 82 181
51 83 91
51 84 123
51 85 32
51 86 139
51 87 38
51 88 48
51 89 44
51 90 24
51 91 102
51 92 157
51 93 146
51 94 126
51 95 152
51 96 74
51 97 159
51 98 121
51 99 140
52 53 35
52 54 187
52 55 35
52 56 49
52 57 153
52 58 144
52 59 46
52 60 43
52 61 51
52 62 33
52 63 171
52 64 29
52 65 125
52 66 80
52 67 138
52 68 50
52 69 58
52 70 183
52 71 190
52 72 85
52 73 77
52 74 63
52 75 187
52 76 99
52 77 164
52 78 164
52 79 175
52 80 182
52 81 98
52 82 73
52 83 59
52 84 127
52 85 72
52 86 133
52 87 110
52 88 158
52 89 43
52 90 21
52 91 181
52 92 42
52 93 21
52 94 45
52 95 91
52 96 136
52 97 131
52 98 27
52 99 86
53 54 90
53 55 85
53 56 55
53 57 175
53 58 157
53 59 83
53 60 130
53 61 64
53 62 153
53 63 178
53 64 80
53 65 95
53 66 122
53 67 95
53 68 34
53 69 43
53 70 100
53 71 41
53 72 120
53 73 74
53 74 81
53 75 78
53 76 64
53 77 85
53 78 189
53 79 94
53 80 100
53 81 62
53 82 79
53 83 117
53 84 83
53 85 53
53 86 137
53 87 96
53 88 98
53 89 164
53 90 173
53 91 121
53 92 22
53 93 160
53 94 170
53 95 121
53 96 116
53 97 67
53 98 141
53 99 125
54 55 171
54 56 90
54 57 59
54 58 48
54 59 185
54 60 94
54 61 26
54 62 64
54 63 42
54 64 129
54 65 129
54 66 28
54 67 111
54 68 180
54 69 114
54 70 175
54 71 114
54 72 86
54 73 188
54 74 163
54 75 155
54 76 153
54 77 174
54 78 67
54 79 164
54 80 200
54 81 100
54 82 58
54 83 189
54 84 82
54 85 163
54 86 124
54 87 104
54 88 62
54 89 133
54 90 26
54 91 162
54 92 166
54 93 34
54 94 35
54 95 42
54 96 36
54 97 149
54 98 118
54 99 196
55 56 39
55 57 74
55 58 91
55 59 103
55 60 118
55 61 47
55 62 74
55 63 178
55 64 39
55 65 74
55 66 170
55 67 25
55 68 54
55 69 134
55 70 72
55 71 79
55 72 185
55 73 73
55 74 151
55 75 99
55 76 97
55 77 147
55 78 122
55 79 174
55 80 68
55 81 181
55 82 179
55 83 118
55 84 176
55 85 117
55 86 105
55 87 153
55 88 167
55 89 74
55 90 118
55 91 169
55 92 29
55 93 120
55 94 65
55 95 35
55 96 127
55 97 49
55 98 147
55 99 26
56 57 191
56 58 64
56 59 184
56 60 73
56 61 132
56 62 148
56 63 30
56 64 133
56 65 40
56 66 169
56 67 125
56 68 123
56 69 46
56 70 35
56 71 57
56 72 78
56 73 33
56 74 111
56 75 39
56 76 153
56 77 93
56 78 144
56 79 62
56 80 34
56 81 113
56 82 182
56 83 141
56 84 97
56 85 25
56 86 172
56 87 92
56 88 82
56 89 55
56 90 65
56 91 21
56 92 174
56 93 176
56 94 96
56 95 38
56 96 25
56 97 67
56 98 87
56 99 108
57 58 27
57 59 151
57 60 102
57 61 177
57 62 40
57 63 144
57 64 49
57 65 148
57 66 141
57 67 131
57 68 63
57 69 134
57 70 149
57 71 172
57 72 89
57 73 120
57 74 146
57 75 102
57 76 29
57 77 168
57 78 157
57 79 75
57 80 112
57 81 56
57 82 74
57 83 127
57 84 123
57 85 71
57 86 156
57 87 20
57 88 146
57 89 147
57 90 83
57 91 20
57 92 165
57 93 41
57 94 160
57 95 114
57 96 47
57 97 71
57 98 129
57 99 176
58 59 27
58 60 97
58 61 111
58 62 139
58 63 58
58 64 131
58 65 182
58 66 29
58 67 99
58 68 36
58 69 69
58 70 107
58 71 181
58 72 130
58 73 191
58 74 165
58 75 118
58 76 52
58 77 98
58 78 48
58 79 72
58 80 79
58 81 128
58 82 179
58 83 130
58 84 68
58 85 48
58 86 160
58 87 124
58 88 103
58 89 53
58 90 20
58 91 34
58 92 88
58 93 93
58 94 161
58 95 75
58 96 157
58 97 74
58 98 53
58 99 91
59 60 91
59 61 87
59 62 21
59 63 24
59 64 80
59 65 135
59 66 156
59 67 75
59 68 183
59 69 105
59 70 73
59 71 59
59 72 57
59 73 81
59 74 133
59 75 55
59 76 156
59 77 27
59 78 191
59 79 41
59 80 172
59 81 189
59 82 36
59 83 49
59 84 197
59 85 71
59 86 192
59 87 61
59 88 97
59 89 148
59 90 125
59 91 53
59 92 24
59 93 126
59 94 156
59 95 55
59 96 129
59 97 53
59 98 183
59 99 92
60 61 22
60 62 67
60 63 132
60 64 69
60 65 145
60 66 44
60 67 112
60 68 187
60 69 182
60 70 191
60 71 196
60 72 69
60 73 178
60 74 49
60 75 99
60 76 102
60 77 47
60 78 121
60 79 184
60 80 25
60 81 167
60 82 175
60 83 200
60 84 21
60 85 127
60 86 33
60 87 179
60 88 95
60 89 55
60 90 172
60 91 149
60 92 71
60 93 110
60 94 66
60 95 174
60 96 31
60 97 126
60 98 81
60 99 125
61 62 148
61 63 81
61 64 43
61 65 175
61 66 66
61 67 131
61 68 193
61 69 103
61 70 65
61 71 32
61 72 100
61 73 193
61 74 140
61 75 24
61 76 32
61 77 37
61 78 167
61 79 144
61 80 61
61 81 64
61 82 73
61 83 33
61 84 107
61 85 44
61 86 75
61 87 74
61 88 66
61 89 95
61 90 100
61 91 163
61 92 91
61 93 111
61 94 47
61 95 100
61 96 67
61 97 195
61 98 45
61 99 67
62 63 87
62 64 79
62 65 37
62 66 167
62 67 134
62 68 104
62 69 65
62 70 97
62 71 29
62 72 91
62 73 30
62 74 74
62 75 88
62 76 48
62 77 47
62 78 81
62 79 46
62 80 122
62 81 175
62 82 110
62 83 190
62 84 146
62 85 103
62 86 188
62 87 152
62 88 90
62 89 29
62 90 67
62 91 153
62 92 183
62 93 70
62 94 38
62 95 166
62 96 116
62 97 106
62 98 81
62 99 117
63 64 27
63 65 42
63 66 81
63 67 200
63 68 143
63 69 30
63 70 28
63 71 198
63 72 107
63 73 88
63 74 102
63 75 163
63 76 128
63 77 108
63 78 193
63 79 86
63 80 78
63 81 28
63 82 79
63 83 42
63 84 82
63 85 48
63 86 147
63 87 183
63 88 53
63 89 85
63 90 150
63 91 24
63 92 37
63 93 145
63 94 164
63 95 39
63 96 124
63 97 74
63 98 62
63 99 64
64 65 97
64 66 172
64 67 122
64 68 86
64 69 80
64 70 25
64 71 94
64 72 120
64 73 33
64 74 188
64 75 31
64 76 47
64 77 199
64 78 94
64 79 157
64 80 34
64 81 49
64 82 168
64 83 196
64 84 161
64 85 79
64 86 72
64 87 71
64 88 29
64 89 104
64 90 181
64 91 82
64 92 113
64 93 93
64 94 160
64 95 197
64 96 114
64 97 174
64 98 184
64 99 177
65 66 128
65 67 173
65 68 90
65 69 109
65 70 167
65 71 190
65 72 199
65 73 83
65 74 85
65 75 82
65 76 168
65 77 193
65 78 62
65 79 172
65 80 164
65 81 190
65 82 164
65 83 185
65 84 173
65 85 45
65 86 151
65 87 140
65 88 129
65 89 145
65 90 38
65 91 197
65 92 145
65 93 131
65 94 139
65 95 25
65 96 160
65 97 147
65 98 157
65 99 169
66 67 64
66 68 75
66 69 36
66 70 151
66 71 31
66 72 160
66 73 131
66 74 63
66 75 152
66 76 145
66 77 161
66 78 126
66 79 62
66 80 60
66 81 72
66 82 178
66 83 97
66 84 74
66 85 74
66 86 120
66 87 74
66 88 57
66 89 128
66 90 20
66 91 36
66 92 91
66 93 168
66 94 72
66 95 163
66 96 91
66 97 33
66 98 57
66 99 174
67 68 195
67 69 38
67 70 181
67 71 21
67 72 43
67 73 87
67 74 126
67 75 82
67 76 43
67 77 23
67 78 82
67 79 123
67 80 149
67 81 180
67 82 186
67 83 30
67 84 65
67 85 123
67 86 60
67 87 167
67 88 180
67 89 64
67 90 93
67 91 186
67 92 169
67 93 136
67 94 172
67 95 132
67 96 46
67 97 62
67 98 174
67 99 41
68 69 37
68 70 146
68 71 160
68 72 97
68 73 159
68 74 148
68 75 200
68 76 156
68 77 188
68 78 55
68 79 150
68 80 58
68 81 131
68 82 143
68 83 151
68 84 153
68 85 83
68 86 121
68 87 52
68 88 50
68 89 172
68 90 82
68 91 124
68 92 116
68 93 122
68 94 196
68 95 196
68 96 26
68 97 97
68 98 44
68 99 101
69 70 139
69 71 81
69 72 99
69 73 65
69 74 93
69 75 74
69 76 165
69 77 165
69 78 73
69 79 168
69 80 150
69 81 199
69 82 67
69 83 114
69 84 195
69 85 163
69 86 65
69 87 58
69 88 95
69 89 40
69 90 185
69 91 42
69 92 110
69 93 178
69 94 20
69 95 90
69 96 157
69 97 124
69 98 20
69 99 163
70 71 176
70 72 173
70 73 167
70 74 178
70 75 171
70 76 112
70 77 121
70 78 138
70 79 106
70 80 121
70 81 23
70 82 156
70 83 179
70 84 48
70 85 32
70 86 183
70 87 51
70 88 103
70 89 193
70 90 27
70 91 50
70 92 63
70 93 158
70 94 108
70 95 197
70 96 108
70 97 177
70 98 66
70 99 46
71 72 135
71 73 165
71 74 137
71 75 115
71 76 54
71 77 89
71 78 127
71 79 129
71 80 184
71 81 53
71 82 173
71 83 96
71 84 29
71 85 162
71 86 159
71 87 67
71 88 117
71 89 118
71 90 90
71 91 72
71 92 183
71 93 159
71 94 147
71 95 80
71 96 112
71 97 181
71 98 122
71 99 167
72 73 200
72 74 96
72 75 156
72 76 161
72 77 169
72 78 168
72 79 163
72 80 45
72 81 165
72 82 38
72 83 49
72 84 99
72 85 35
72 86 128
72 87 75
72 88 40
72 89 102
72 90 147
72 91 44
72 92 165
72 93 41
72 94 193
72 95 36
72 96 53
72 97 30
72 98 155
72 99 124
73 74 58
73 75 164
73 76 118
73 77 54
73 78 52
73 79 190
73 80 76
73 81 32
73 82 102
73 83 173
73 84 131
73 85 180
73 86 104
73 87 186
73 88 59
73 89 175
73 90 164
73 91 64
73 92 164
73 93 124
73 94 45
73 95 90
73 96 94
73 97 86
73 98 181
73 99 106
74 75 176
74 76 128
74 77 117
74 78 29
74 79 36
74 80 172
74 81 88
74 82 121
74 83 196
74 84 116
74 85 24
74 86 59
74 87 25
74 88 94
74 89 196
74 90 131
74 91 51
74 92 180
74 93 92
74 94 68
74 95 108
74 96 37
74 97 179
74 98 199
74 99 70
75 76 193
75 77 87
75 78 86
75 79 111
75 80 179
75 81 200
75 82 109
75 83 100
75 84 47
75 85 194
75 86 140
75 87 132
75 88 142
75 89 93
75 90 30
75 91 92
75 92 168
75 93 31
75 94 27
75 95 171
75 96 23
75 97 192
75 98 192
75 99 187
76 77 73
76 78 141
76 79 45
76 80 91
76 81 97
76 82 125
76 83 104
76 84 106
76 85 50
76 86 123
76 87 110
76 88 82
76 89 74
76 90 103
76 91 173
76 92 31
76 93 160
76 94 139
76 95 128
76 96 45
76 97 94
76 98 32
76 99 162
77 78 130
77 79 114
77 80 96
77 81 28
77 82 43
77 83 53
77 84 154
77 85 144
77 86 47
77 87 173
77 88 99
77 89 149
77 90 114
77 91 188
77 92 82
77 93 158
77 94 153
77 95 182
77 96 150
77 97 121
77 98 141
77 99 138
78 79 154
78 80 164
78 81 151
78 82 66
78 83 42
78 84 59
78 85 30
78 86 112
78 87 112
78 88 178
78 89 89
78 90 111
78 91 52
78 92 149
78 93 62
78 94 186
78 95 178
78 96 109
78 97 130
78 98 195
78 99 161
79 80 137
79 81 66
79 82 36
79 83 50
79 84 164
79 85 131
79 86 81
79 87 191
79 88 111
79 89 195
79 90 153
79 91 169
79 92 34
79 93 118
79 94 35
79 95 26
79 96 92
79 97 126
79 98 172
79 99 54
80 81 194
80 82 49
80 83 129
80 84 130
80 85 93
80 86 74
80 87 183
80 88 190
80 89 198
80 90 141
80 91 143
80 92 193
80 93 40
80 94 185
80 95 20
80 96 165
80 97 73
80 98 149
80 99 107
81 82 49
81 83 145
81 84 101
81 85 160
81 86 77
81 87 39
81 88 155
81 89 162
81 90 61
81 91 189
81 92 87
81 93 115
81 94 51
81 95 128
81 96 184
81 97 64
81 98 163
81 99 153
82 83 124
82 84 196
82 85 65
82 86 136
82 87 199
82 88 42
82 89 163
82 90 70
82 91 90
82 92 22
82 93 33
82 94 77
82 95 34
82 96 131
82 97 38
82 98 140
82 99 38
83 84 95
83 85 166
83 86 27
83 87 54
83 88 68
83 89 147
83 90 191
83 91 33
83 92 62
83 93 143
83 94 101
83 95 35
83 96 72
83 97 134
83 98 200
83 99 87
84 85 148
84 86 175
84 87 149
84 88 120
84 89 47
84 90 147
84 91 127
84 92 71
84 93 120
84 94 167
84 95 90
84 96 177
84 97 46
84 98 93
84 99 184
85 86 111
85 87 48
85 88 139
85 89 46
85 90 51
85 91 27
85 92 120
85 93 75
85 94 185
85 95 116
85 96 149
85 97 88
85 98 167
85 99 126
86 87 66
86 88 135
86 89 135
86 90 40
86 91 154
86 92 88
86 93 112
86 94 36
86 95 193
86 96 115
86 97 175
86 98 159
86 99 190
87 88 142
87 89 149
87 90 193
87 91 191
87 92 113
87 93 151
87 94 116
87 95 97
87 96 27
87 97 198
87 98 146
87 99 170
88 89 117
88 90 111
88 91 41
88 92 197
88 93 145
88 94 171
88 95 54
88 96 165
88 97 147
88 98 164
88 99 89
89 90 199
89 91 190
89 92 26
89 93 170
89 94 132
89 95 124
89 96 177
89 97 189
89 98 81
89 99 22
90 91 194
90 92 172
90 93 112
90 94 112
90 95 154
90 96 102
90 97 123
90 98 45
90 99 102
91 92 150
91 93 42
91 94 121
91 95 35
91 96 160
91 97 179
91 98 139
91 99 50
92 93 194
92 94 62
92 95 175
92 96 150
92 97 199
92 98 73
92 99 129
93 94 133
93 95 23
93 96 181
93 97 170
93 98 134
93 99 69
94 95 160
94 96 139
94 97 76
94 98 25
94 99 177
95 96 186
95 97 136
95 98 58
95 99 143
96 97 76
96 98 128
96 99 161
97 98 142
97 99 113
98 99 31