50 1225 0 1
0 1 107
0 2 152
0 3 175
0 4 99
0 5 162
0 6 188
0 7 95
0 8 58
0 9 28
0 10 135
0 11 122
0 12 63
0 13 160
0 14 192
0 15 66
0 16 47
0 17 161
0 18 196
0 19 154
0 20 146
0 21 200
0 22 27
0 23 45
0 24 106
0 25 35
0 26 90
0 27 155
0 28 103
0 29 38
0 30 158
0 31 48
0 32 161
0 33 74
0 34 200
0 35 84
0 36 58
0 37 173
0 38 136
0 39 160
0 40 165
0 41 40
0 42 76
0 43 71
0 44 104
0 45 128
0 46 154
0 47 27
0 48 189
0 49 108
1 2 142
1 3 49
1 4 71
1 5 68
1 6 88
1 7 118
1 8 42
1 9 50
1 10 43
1 11 184
1 12 173
1 13 47
1 14 101
1 15 67
1 16 192
1 17 47
1 18 120
1 19 47
1 20 123
1 21 152
1 22 20
1 23 193
1 24 41
1 25 170
1 26 47
1 27 28
1 28 147
1 29 163
1 30 199
1 31 60
1 32 43
1 33 122
1 34 60
1 35 187
1 36 44
1 37 40
1 38 181
1 39 58
1 40 102
1 41 61
1 42 189
1 43 118
1 44 30
1 45 48
1 46 153
1 47 68
1 48 123
1 49 153
2 3 123
2 4 173
2 5 198
2 6 54
2 7 58
2 8 180
2 9 108
2 10 181
2 11 119
2 12 175
2 13 196
2 14 146
2 15 141
2 16 191
2 17 91
2 18 95
2 19 126
2 20 157
2 21 166
2 22 194
2 23 79
2 24 179
2 25 199
2 26 77
2 27 191
2 28 78
2 29 105
2 30 159
2 31 163
2 32 39
2 33 193
2 34 184
2 35 155
2 36 70
2 37 149
2 38 48
2 39 93
2 40 73
2 41 148
2 42 25
2 43 170
2 44 49
2 45 164
2 46 147
2 47 71
2 48 94
2 49 179
3 4 48
3 5 58
3 6 66
3 7 41
3 8 25
3 9 158
3 10 105
3 11 45
3 12 152
3 13 77
3 14 72
3 15 163
3 16 189
3 17 189
3 18 189
3 19 68
3 20 21
3 21 173
3 22 29
3 23 181
3 24 55
3 25 110
3 26 28
3 27 151
3 28 158
3 29 39
3 30 151
3 31 113
3 32 126
3 33 34
3 34 74
3 35 185
3 36 162
3 37 94
3 38 111
3 39 121
3 40 45
3 41 23
3 42 181
3 43 166
3 44 155
3 45 102
3 46 135
3 47 69
3 48 48
3 49 119
4 5 26
4 6 170
4 7 128
4 8 126
4 9 128
4 10 155
4 11 104
4 12 146
4 13 38
4 14 163
4 15 47
4 16 131
4 17 83
4 18 102
4 19 120
4 20 82
4 21 59
4 22 200
4 23 131
4 24 87
4 25 49
4 26 98
4 27 27
4 28 122
4 29 138
4 30 109
4 31 105
4 32 30
4 33 98
4 34 22
4 35 115
4 36 198
4 37 194
4 38 162
4 39 74
4 40 161
4 41 166
4 42 192
4 43 137
4 44 73
4 45 184
4 46 161
4 47 27
4 48 130
4 49 107
5 6 125
5 7 144
5 8 199
5 9 28
5 10 174
5 11 75
5 12 152
5 13 106
5 14 134
5 15 150
5 16 127
5 17 156
5 18 25
5 19 132
5 20 92
5 21 92
5 22 47
5 23 73
5 24 46
5 25 106
5 26 132
5 27 72
5 28 156
5 29 103
5 30 131
5 31 102
5 32 34
5 33 60
5 34 189
5 35 188
5 36 138
5 37 127
5 38 182
5 39 93
5 40 178
5 41 51
5 42 122
5 43 69
5 44 33
5 45 119
5 46 23
5 47 114
5 48 150
5 49 195
6 7 67
6 8 141
6 9 173
6 10 51
6 11 127
6 12 73
6 13 159
6 14 143
6 15 182
6 16 102
6 17 36
6 18 146
6 19 117
6 20 136
6 21 116
6 22 198
6 23 146
6 24 105
6 25 194
6 26 173
6 27 124
6 28 101
6 29 66
6 30 78
6 31 138
6 32 149
6 33 159
6 34 108
6 35 178
6 36 148
6 37 152
6 38 107
6 39 20
6 40 184
6 41 73
6 42 160
6 43 154
6 44 159
6 45 101
6 46 71
6 47 97
6 48 138
6 49 29
7 8 163
7 9 56
7 10 137
7 11 138
7 12 26
7 13 178
7 14 94
7 15 41
7 16 171
7 17 20
7 18 67
7 19 192
7 20 122
7 21 145
7 22 74
7 23 53
7 24 46
7 25 65
7 26 178
7 27 134
7 28 125
7 29 169
7 30 172
7 31 98
7 32 35
7 33 83
7 34 189
7 35 93
7 36 124
7 37 160
7 38 130
7 39 68
7 40 52
7 41 63
7 42 199
7 43 109
7 44 30
7 45 29
7 46 82
7 47 139
7 48 129
7 49 172
8 9 88
8 10 42
8 11 57
8 12 172
8 13 185
8 14 142
8 15 50
8 16 178
8 17 29
8 18 70
8 19 116
8 20 200
8 21 121
8 22 94
8 23 124
8 24 40
8 25 31
8 26 87
8 27 126
8 28 60
8 29 182
8 30 55
8 31 188
8 32 27
8 33 134
8 34 48
8 35 188
8 36 24
8 37 187
8 38 29
8 39 56
8 40 119
8 41 126
8 42 155
8 43 42
8 44 148
8 45 115
8 46 27
8 47 24
8 48 110
8 49 141
9 10 103
9 11 54
9 12 188
9 13 80
9 14 23
9 15 90
9 16 122
9 17 193
9 18 66
9 19 102
9 20 188
9 21 191
9 22 102
9 23 146
9 24 174
9 25 194
9 26 198
9 27 177
9 28 60
9 29 55
9 30 51
9 31 191
9 32 161
9 33 185
9 34 61
9 35 169
9 36 134
9 37 154
9 38 98
9 39 168
9 40 44
9 41 172
9 42 37
9 43 24
9 44 113
9 45 140
9 46 58
9 47 66
9 48 112
9 49 152
10 11 167
10 12 132
10 13 82
10 14 183
10 15 55
10 16 183
10 17 125
10 18 80
10 19 197
10 20 95
10 21 180
10 22 57
10 23 43
10 24 23
10 25 162
10 26 41
10 27 77
10 28 48
10 29 182
10 30 56
10 31 42
10 32 64
10 33 105
10 34 137
10 35 24
10 36 196
10 37 102
10 38 88
10 39 60
10 40 43
10 41 20
10 42 41
10 43 117
10 44 192
10 45 68
10 46 121
10 47 194
10 48 169
10 49 106
11 12 173
11 13 97
11 14 147
11 15 45
11 16 146
11 17 140
11 18 107
11 19 33
11 20 54
11 21 115
11 22 178
11 23 98
11 24 46
11 25 83
11 26 65
11 27 137
11 28 76
11 29 126
11 30 139
11 31 87
11 32 51
11 33 55
11 34 94
11 35 62
11 36 142
11 37 99
11 38 49
11 39 95
11 40 193
11 41 155
11 42 76
11 43 169
11 44 90
11 45 110
11 46 89
11 47 193
11 48 123
11 49 20
12 13 80
12 14 142
12 15 195
12 16 72
12 17 93
12 18 143
12 19 188
12 20 141
12 21 20
12 22 168
12 23 117
12 24 44
12 25 94
12 26 121
12 27 120
12 28 33
12 29 112
12 30 193
12 31 134
12 32 28
12 33 124
12 34 34
12 35 70
12 36 164
12 37 152
12 38 56
12 39 96
12 40 183
12 41 82
12 42 172
12 43 145
12 44 147
12 45 89
12 46 195
12 47 110
12 48 133
12 49 130
13 14 124
13 15 117
13 16 61
13 17 123
13 18 46
13 19 67
13 20 163
13 21 82
13 22 87
13 23 36
13 24 140
13 25 82
13 26 23
13 27 129
13 28 74
13 29 109
13 30 194
13 31 66
13 32 70
13 33 163
13 34 132
13 35 161
13 36 53
13 37 116
13 38 76
13 39 59
13 40 185
13 41 136
13 42 118
13 43 193
13 44 178
13 45 61
13 46 199
13 47 43
13 48 134
13 49 93
14 15 52
14 16 33
14 17 75
14 18 26
14 19 127
14 20 97
14 21 80
14 22 116
14 23 168
14 24 176
14 25 32
14 26 167
14 27 194
14 28 91
14 29 122
14 30 101
14 31 129
14 32 130
14 33 25
14 34 184
14 35 168
14 36 127
14 37 29
14 38 20
14 39 80
14 40 50
14 41 168
14 42 58
14 43 42
14 44 197
14 45 69
14 46 39
14 47 54
14 48 142
14 49 132
15 16 194
15 17 154
15 18 166
15 19 180
15 20 113
15 21 58
15 22 118
15 23 23
15 24 82
15 25 30
15 26 151
15 27 37
15 28 132
15 29 200
15 30 32
15 31 151
15 32 41
15 33 145
15 34 123
15 35 123
15 36 127
15 37 83
15 38 119
15 39 85
15 40 180
15 41 80
15 42 174
15 43 79
15 44 73
15 45 196
15 46 67
15 47 87
15 48 81
15 49 29
16 17 82
16 18 22
16 19 141
16 20 91
16 21 170
16 22 78
16 23 123
16 24 89
16 25 30
16 26 151
16 27 197
16 28 122
16 29 165
16 30 173
16 31 88
16 32 96
16 33 50
16 34 117
16 35 156
16 36 45
16 37 65
16 38 197
16 39 114
16 40 171
16 41 188
16 42 134
16 43 110
16 44 189
16 45 99
16 46 179
16 47 120
16 48 131
16 49 25
17 18 55
17 19 85
17 20 135
17 21 184
17 22 174
17 23 77
17 24 98
17 25 153
17 26 59
17 27 144
17 28 173
17 29 100
17 30 57
17 31 128
17 32 88
17 33 91
17 34 30
17 35 183
17 36 200
17 37 153
17 38 97
17 39 194
17 40 187
17 41 152
17 42 167
17 43 127
17 44 168
17 45 193
17 46 40
17 47 27
17 48 188
17 49 138
18 19 79
18 20 159
18 21 46
18 22 25
18 23 130
18 24 169
18 25 136
18 26 36
18 27 104
18 28 80
18 29 114
18 30 186
18 31 20
18 32 160
18 33 136
18 34 98
18 35 125
18 36 24
18 37 82
18 38 141
18 39 103
18 40 78
18 41 176
18 42 148
18 43 59
18 44 179
18 45 23
18 46 129
18 47 63
18 48 31
18 49 191
19 20 191
19 21 174
19 22 131
19 23 28
19 24 35
19 25 66
19 26 122
19 27 184
19 28 82
19 29 189
19 30 139
19 31 27
19 32 150
19 33 94
19 34 163
19 35 156
19 36 166
19 37 122
19 38 102
19 39 96
19 40 22
19 41 63
19 42 187
19 43 23
19 44 96
19 45 160
19 46 103
19 47 68
19 48 178
19 49 160
20 21 43
20 22 148
20 23 164
20 24 81
20 25 87
20 26 97
20 27 139
20 28 57
20 29 72
20 30 163
20 31 137
20 32 187
20 33 173
20 34 195
20 35 33
20 36 44
20 37 194
20 38 189
20 39 30
20 40 87
20 41 129
20 42 112
20 43 70
20 44 113
20 45 73
20 46 59
20 47 26
20 48 31
20 49 77
21 22 86
21 23 31
21 24 57
21 25 110
21 26 100
21 27 36
21 28 105
21 29 107
21 30 76
21 31 22
21 32 50
21 33 171
21 34 120
21 35 142
21 36 83
21 37 178
21 38 176
21 39 183
21 40 132
21 41 102
21 42 58
21 43 132
21 44 99
21 45 24
21 46 65
21 47 126
21 48 44
21 49 173
22 23 107
22 24 29
22 25 74
22 26 147
22 27 83
22 28 30
22 29 125
22 30 45
22 31 169
22 32 79
22 33 168
22 34 173
22 35 145
22 36 180
22 37 124
22 38 79
22 39 28
22 40 93
22 41 64
22 42 130
22 43 196
22 44 126
22 45 120
22 46 106
22 47 174
22 48 173
22 49 189
23 24 200
23 25 101
23 26 100
23 27 70
23 28 164
23 29 157
23 30 22
23 31 185
23 32 178
23 33 173
23 34 175
23 35 139
23 36 129
23 37 72
23 38 188
23 39 97
23 40 115
23 41 142
23 42 45
23 43 148
23 44 123
23 45 151
23 46 123
23 47 135
23 48 183
23 49 187
24 25 145
24 26 54
24 27 55
24 28 144
24 29 84
24 30 178
24 31 37
24 32 178
24 33 70
24 34 145
24 35 23
24 36 62
24 37 127
24 38 196
24 39 102
24 40 98
24 41 142
24 42 20
24 43 183
24 44 131
24 45 59
24 46 32
24 47 186
24 48 47
24 49 88
25 26 31
25 27 61
25 28 155
25 29 171
25 30 22
25 31 163
25 32 127
25 33 144
25 34 143
25 35 102
25 36 44
25 37 78
25 38 172
25 39 25
25 40 184
25 41 109
25 42 46
25 43 167
25 44 92
25 45 100
25 46 165
25 47 68
25 48 37
25 49 185
26 27 121
26 28 162
26 29 129
26 30 164
26 31 151
26 32 194
26 33 42
26 34 83
26 35 143
26 36 60
26 37 36
26 38 191
26 39 50
26 40 87
26 41 73
26 42 24
26 43 113
26 44 46
26 45 85
26 46 77
26 47 104
26 48 138
26 49 94
27 28 100
27 29 36
27 30 84
27 31 137
27 32 29
27 33 37
27 34 197
27 35 169
27 36 107
27 37 183
27 38 152
27 39 195
27 40 141
27 41 53
27 42 32
27 43 124
27 44 169
27 45 99
27 46 146
27 47 70
27 48 42
27 49 118
28 29 42
28 30 141
28 31 80
28 32 121
28 33 189
28 34 44
28 35 188
28 36 47
28 37 112
28 38 143
28 39 96
28 40 70
28 41 63
28 42 146
28 43 47
28 44 173
28 45 36
28 46 34
28 47 63
28 48 121
28 49 161
29 30 68
29 31 175
29 32 72
29 33 85
29 34 180
29 35 134
29 36 83
29 37 75
29 38 129
29 39 87
29 40 51
29 41 187
29 42 176
29 43 153
29 44 170
29 45 27
29 46 138
29 47 119
29 48 57
29 49 133
30 31 115
30 32 107
30 33 144
30 34 53
30 35 191
30 36 42
30 37 44
30 38 144
30 39 56
30 40 125
30 41 116
30 42 23
30 43 154
30 44 23
30 45 139
30 46 138
30 47 98
30 48 144
30 49 141
31 32 57
31 33 178
31 34 156
31 35 64
31 36 129
31 37 176
31 38 122
31 39 180
31 40 182
31 41 161
31 42 136
31 43 116
31 44 75
31 45 130
31 46 200
31 47 54
31 48 188
31 49 113
32 33 104
32 34 100
32 35 108
32 36 36
32 37 195
32 38 137
32 39 185
32 40 179
32 41 108
32 42 51
32 43 50
32 44 119
32 45 37
32 46 51
32 47 76
32 48 124
32 49 107
33 34 193
33 35 189
33 36 157
33 37 69
33 38 86
33 39 119
33 40 85
33 41 191
33 42 171
33 43 197
33 44 133
33 45 163
33 46 37
33 47 96
33 48 50
33 49 169
34 35 34
34 36 168
34 37 78
34 38 105
34 39 148
34 40 77
34 41 109
34 42 134
34 43 110
34 44 57
34 45 22
34 46 32
34 47 20
34 48 116
34 49 124
35 36 146
35 37 113
35 38 29
35 39 89
35 40 49
35 41 92
35 42 108
35 43 96
35 44 106
35 45 113
35 46 189
35 47 161
35 48 150
35 49 139
36 37 137
36 38 67
36 39 69
36 40 195
36 41 82
36 42 190
36 43 70
36 44 98
36 45 80
36 46 88
36 47 125
36 48 194
36 49 99
37 38 71
37 39 193
37 40 34
37 41 121
37 42 153
37 43 106
37 44 107
37 45 44
37 46 20
37 47 132
37 48 99
37 49 29
38 39 185
38 40 135
38 41 146
38 42 118
38 43 140
38 44 135
38 45 85
38 46 30
38 47 173
38 48 42
38 49 98
39 40 107
39 41 29
39 42 103
39 43 98
39 44 179
39 45 152
39 46 83
39 47 116
39 48 180
39 49 130
40 41 39
40 42 82
40 43 120
40 44 128
40 45 151
40 46 182
40 47 95
40 48 109
40 49 94
41 42 29
41 43 159
41 44 24
41 45 172
41 46 132
41 47 191
41 48 43
41 49 167
42 43 151
42 44 106
42 45 50
42 46 193
42 47 129
42 48 185
42 49 138
43 44 57
43 45 177
43 46 154
43 47 78
43 48 170
43 49 66
44 45 184
44 46 188
44 47 25
44 48 54
44 49 130
45 46 121
45 47 69
45 48 109
45 49 116
46 47 91
46 48 62
46 49 82
47 48 93
47 49 116
48 49 178